57346
49158
49159
49161
57367
40985
45091
53283
36901
36905
24618
53292
32814
49199
36918
49209
49210
49218
45123
57412
36933
53322
28751
41051
49248
53344
49250
24677
8298
45163
20589
53359
49268
57465
36997
45189
45191
20613
20637
49311
37033
24746
57516
53428
8375
15505
28863
28865
8392
37065
37066
53451
20684
37069
24782
37070
37071
53457
53459
32989
49381
33003
53483
41197
49390
24817
49395
24820
37108
53493
33017
53504
45319
37128
28938
53514
49424
33041
4371
49428
4372
28949
4373
4374
4375
20757
57636
45352
20780
53550
53553
20786
24887
49464
57661
53569
33090
24899
57674
57677
49486
16718
29006
45393
37202
53592
41305
41306
12636
49501
45404
49503
41318
41320
45418
37229
53614
12660
8565
8568
37241
45434
53628
24961
49543
41353
57741
37266
37267
45460
4501
4502
41367
4503
4504
4505
41371
53661
53662
417
33186
57765
41382
41384
49576
29097
29101
41390
49582
29102
45488
33202
49592
49593
53689
25019
49603
20937
53706
57805
57807
20944
57809
53713
25048
45534
53731
20965
45544
45548
16880
20977
33266
49656
4601
57850
57853
53757
37377
45569
21000
45579
53773
57872
53780
53781
21021
45600
33317
21031
41517
33326
33327
33328
33329
33330
41522
41523
57909
49722
57915
37435
37436
21053
53823
45635
25157
57928
49738
45644
53845
53846
33369
45661
607
57952
45664
53856
8803
45670
45672
49774
49775
57967
41585
17007
25204
12921
21115
12927
33418
29327
6644
21141
29336
53912
21145
21147
21148
45725
21149
49824
6647
53925
21158
31074
8889
53946
8895
29376
21185
53962
37579
49871
33491
8915
8916
8917
8919
53973
8921
8922
8923
8925
8926
8927
45798
24571
49896
41706
17130
58094
45808
49908
17142
17143
41724
29436
8961
17153
8964
33541
49928
17161
33548
49934
17169
49938
49940
29464
29465
49946
58144
58145
29474
58148
45861
8999
49971
54071
33603
49992
29514
49995
49998
58190
50003
9044
9045
9046
37716
9049
41818
29530
45916
9058
9059
21349
9062
58215
9064
9065
9066
58219
7500
54127
45936
29553
45937
9083
9084
9085
58238
9086
37763
45956
9099
45965
29584
58257
9108
9110
45977
41882
41883
54170
50081
45996
41904
41907
50101
54201
25530
58300
33726
46014
58306
9157
9158
9159
50120
9160
46021
41931
50127
50128
5072
17362
50136
9178
9181
9186
9187
17379
46053
58342
17383
54248
39276
55559
46061
46062
58351
58352
9200
54262
54263
32766
46073
58365
46083
17413
50182
46086
50187
50197
21527
33821
58399
21535
54305
33827
50216
29738
9260
50221
17454
29746
37940
46135
37945
50234
46141
50244
54341
33863
33864
50248
46154
50252
46157
54353
29780
54357
21593
46174
54368
29796
50277
46180
37991
46184
37994
50283
50285
9325
9326
9327
29806
50293
9335
50296
25721
25722
50299
54391
46203
46204
58506
13451
13452
38033
54422
46231
58520
9369
21658
54427
54428
9375
54438
50344
54440
58543
46255
21680
46259
25783
46267
46268
46270
25791
17599
17600
25796
54469
5322
5323
5325
5326
29905
54481
17622
50393
46307
46308
42213
42219
38125
38126
58607
34032
29941
17657
29946
17664
29957
34059
50444
50445
38157
38158
34064
58640
58641
9491
9494
9495
50456
9496
50459
54555
46368
54560
54565
21798
21801
54573
54574
50480
34099
30005
54586
58683
58686
54597
42311
52372
46410
46411
34137
50522
13657
30042
50525
13658
13659
50528
42337
50530
42338
42339
50529
13661
38239
21860
46442
54640
46453
13690
30077
54656
46465
30084
38281
50574
25999
54671
30097
54677
9623
38295
54679
58780
21917
58782
9632
54690
54691
13732
42406
46504
34222
58804
58805
50616
38336
50627
50628
54727
54730
46539
54738
30165
46550
46551
34265
55657
58848
46561
54754
58851
21989
54758
54759
5607
54762
49148
50669
13805
46576
13810
46580
42489
50681
50683
38395
46593
38402
50691
46594
50707
5653
50714
30237
46624
54821
54832
38451
54837
58941
46657
54849
58949
34374
30281
9802
58957
30289
50770
9810
50779
54875
13921
38502
38505
38506
22123
5740
58989
38518
34424
42617
46713
30331
50813
13953
9859
9860
9861
22159
22160
50833
9875
59028
59029
59030
26261
38547
22167
42651
50845
54949
59046
5801
50861
42670
46767
54960
59059
18101
50870
46778
46781
22209
50887
50888
59081
14028
59088
50901
46805
34521
59097
22235
9950
50911
50912
46817
18148
50917
55013
55014
38638
46831
55026
55027
46840
42745
50937
9977
55033
38650
14075
46845
46868
50965
34581
59161
46873
14105
38686
46878
46880
26402
50979
46882
38692
50984
46890
46896
59185
59186
59187
38707
46899
18231
18232
46903
46908
14142
55103
46912
10055
46919
26444
18255
46928
59218
59219
18258
61431
59222
22355
55130
46939
46940
59229
22367
38754
38755
30570
51051
6004
55159
22391
55163
38780
59265
46979
59268
55171
34694
34695
34696
59275
46987
14221
22413
14223
14225
55187
42900
55188
55193
34717
59294
42912
30628
30631
51119
47031
42937
47033
47038
30655
6079
22465
59337
59338
51147
47054
51151
47063
22492
22493
34782
47070
6110
34785
22494
47077
30695
47079
47081
59374
10223
22516
22517
34806
14330
34811
47106
18436
14340
2054
55301
51208
47112
10256
34833
38930
51221
51223
55321
51230
10271
18463
30753
38947
47140
47142
18471
30762
18475
22570
47152
47153
55345
51254
55352
51260
38972
26686
47173
26694
43078
59464
47174
47175
30793
51276
38986
55371
47189
51289
47193
30814
26722
2146
47202
59493
22627
51303
22628
30821
47205
22630
22635
10353
10354
18551
18552
30843
55419
2174
39043
22659
51333
2187
2188
2189
59534
2190
59537
47251
51349
43163
43164
43165
59547
51359
51360
47260
30883
47268
30886
55462
55466
51377
51378
2228
2229
2230
43191
10425
10426
51386
10428
51389
18620
55487
6341
6342
6343
59596
59597
47311
22738
35030
39126
47318
47322
59613
51430
22761
47341
6383
55547
39174
39175
2312
2313
2314
51467
10507
35085
59659
2319
2320
2321
51474
2322
51476
55565
39189
6421
31001
55578
55580
2335
2336
2337
2338
2339
2340
2341
2342
22823
22824
18731
18733
47406
59696
59697
47412
51517
35137
43332
26949
43333
43335
59717
59718
43339
2380
51535
39247
47440
55633
59731
26964
55634
26971
26972
6496
43361
2402
2403
2404
2405
51558
2406
35176
2407
2408
2411
2409
35181
59758
51567
2410
6504
47465
47467
2420
14700
39277
47472
35192
6518
59773
51582
6525
43392
51586
31114
47502
55699
6549
31129
59803
35230
31145
43438
31150
51638
39350
47547
31164
55740
59838
35263
35264
31170
2499
59863
55770
59870
39390
31199
39391
31204
31213
51694
51695
35312
6637
55791
31216
6638
31218
35318
6639
6640
51705
6641
6642
6643
47608
6645
6646
35328
6648
6649
6651
6654
31233
39430
51722
35339
39441
23065
6696
6698
47659
31276
31281
43570
31284
39480
31294
55874
14915
6723
27205
27206
10823
6724
6725
6726
6728
55881
6729
31309
55888
6736
47698
27220
47700
55892
55895
31321
47706
43613
47710
47711
23134
47713
31337
39529
35435
55914
14962
51827
47733
27254
47734
55925
39545
51835
47741
39553
39562
51851
39565
47758
43664
31376
39573
14997
39575
60062
51871
10914
6819
6820
10917
6821
43687
6822
6830
6831
6832
6833
6834
6835
15028
47797
47798
60089
47804
51901
23228
55999
39619
39623
39624
47818
56011
47820
23243
47827
43733
51929
51930
2779
35547
35549
19163
15068
15070
39650
31459
47843
31461
6889
6890
6891
6892
56045
43759
35569
39667
39669
47861
39678
47872
56064
56065
56066
56067
56068
56069
6924
23313
35603
35605
56086
56098
23333
31527
31530
52012
43821
52013
52015
52016
60206
60208
35635
35636
56110
27446
31537
31538
56127
6975
35651
11075
47939
47940
2887
47941
2889
31560
47945
56136
31564
6990
39762
39763
6996
56152
27483
56156
23393
11108
56164
23396
47977
15213
56174
7022
39792
43891
43892
52083
56182
52092
31614
43903
56192
39809
7041
2947
7043
60293
23425
60295
39816
43913
43914
31625
27532
7049
43920
60304
60306
52117
52118
56214
43931
43932
43933
7068
15267
48036
48040
31658
31660
35758
56239
52144
60340
19380
60344
52159
48064
60353
60357
60358
60360
52171
48075
27598
35794
35795
43987
35797
52182
52183
48086
52185
56281
48090
35806
52191
31713
48097
23532
31727
39919
35826
3060
3061
3062
3063
3064
3065
52218
52219
52220
52221
52222
48120
60416
56317
48127
39938
44036
19460
56330
60428
48140
60431
44049
7185
44051
7186
60437
48148
56343
48158
7202
7203
7204
7205
7206
7207
11306
56367
7225
7226
52283
31803
44093
56382
48192
7232
7233
7236
52295
56392
7240
19530
52299
40012
48205
48210
48211
60500
60501
60502
31834
7264
31842
35939
7269
52327
44136
52330
60522
31850
48234
52334
52335
7276
31856
48243
23672
27769
7292
48253
27775
35967
52352
52353
23679
48256
48262
52359
52360
3208
3209
3210
19596
3211
3212
3213
44174
3214
52370
3215
3216
3217
3218
3219
3220
3221
3222
3223
3224
3225
52373
52381
19611
35999
56475
60579
7323
44197
48287
60583
56483
31911
27822
56499
19636
40117
19638
48312
60603
23740
56512
48322
19653
15559
56520
40138
23756
44238
44239
60622
60626
27859
44243
48340
44246
19673
44250
44251
19675
48345
31963
23775
3297
3298
3299
44258
56546
40165
60647
23787
36076
44271
44272
52463
27891
48374
40185
52478
60672
52483
19716
52486
32008
44298
52490
52492
60684
56586
32014
19733
40217
40218
60699
60701
60702
60703
40221
40222
56606
32034
52517
40230
40231
60712
48425
19755
19760
60724
27959
60728
56641
19778
48450
27973
40261
36172
52556
44366
19789
44368
19790
19791
19792
19793
19794
19795
7503
48464
7511
7512
48476
15711
60768
60769
44386
32100
40294
48488
40298
19823
40304
44405
48502
15734
15736
36217
52602
40313
40314
52605
23932
40317
36227
40327
44424
28042
15756
48527
44436
52628
60824
52633
44442
11677
48541
48543
52643
44452
60836
3498
23978
15787
60845
48557
48558
48559
28083
36275
48567
48569
44474
48570
56769
28100
15813
40391
44489
60873
32201
48587
60878
60879
56782
24017
36310
60888
48601
19940
48618
24043
52718
56814
44528
52725
24056
44537
36349
48639
60930
19971
36363
15890
15891
44565
60952
60954
15898
36382
44575
36389
56871
48689
44598
28219
28220
48705
44610
44611
44612
40523
40524
20045
48715
15952
61010
28243
20050
20051
3675
44639
40543
44642
32358
44647
61032
24172
24173
24174
24175
24176
61042
40564
28279
28280
52856
15995
48765
32385
7810
44677
32391
36488
24206
52879
61073
24212
11925
24213
24214
56981
40601
52892
48798
56991
61098
61101
44719
52912
44722
7858
52916
7859
7860
7861
24249
48827
40637
44737
32450
7875
57032
24266
7888
57044
48853
52952
24288
32481
57065
12012
44784
20211
57076
48886
57079
57078
52985
52986
28411
48888
7933
7934
7939
48901
48902
7943
7944
7945
40714
7946
61197
53013
12053
48917
48918
48919
48921
57114
40733
44830
53025
40737
40739
12075
57131
53037
24367
7985
24371
24377
7996
53054
40771
44868
53060
53061
48965
24390
12108
28494
20302
12113
61266
40787
40788
36693
40789
40790
20313
24413
57187
40805
61287
53100
24429
36718
61299
44921
32634
49024
16264
61327
49044
8085
40854
16278
57240
16279
49050
16280
44956
44957
36766
44961
40867
49059
31733
61354
36779
44971
4013
44972
16301
16302
16304
6498
36793
6499
20412
20413
49083
49084
49085
8126
49088
24523
36813
57293
6503
45009
40920
6505
53217
53218
12266
12267
12268
49132
49134
4079
4080
12273
53232
4083
53239
28664
32763
24572
36862
